407
153
371
370
8208
1634
93084
9474
92727
54748
4210818
548834
9800817
1741725
9926315
24678051
24678050
146511208
88593477
912985153
472335975
534494836
4679307774
32164049651
32164049650
94204591914
44708635679
40028394225
42678290603
49388550606
82693916578
28116440335967
21897142587612075
4338281769391371
4338281769391370
35641594208964132
35875699062250035
3289582984443187032
4929273885928088826
1517841543307505039
4498128791164624869
63105425988599693916
128468643043731391252
449177399146038697307
35452590104031691935943
27879694893054074471405
27907865009977052567814
28361281321319229463398
21887696841122916288858
188451485447897896036875
239313664430041569350093
174088005938065293023722
1553242162893771850669378
4422095118095899619457938
3706907995955475988644381
3706907995955475988644380
1550475334214501539088894
128851796696487777842012787
174650464499531377631639254
121204998563613372405438066
121270696006801314328439376
177265453171792792366489765
23866716435523975980390369295
19008174136254279995012734741
19008174136254279995012734740
14607640612971980372614873089
1927890457142960697580636236639
1145037275765491025924292050346
2309092682616190307509695338915
17333509997782249308725103962772
186709961001538790100634132976991
186709961001538790100634132976990
1122763285329372541592822900204593
